1 5000.0 3000.0 1000.0 1
2 7000.0 6000.0 15000.0 2
3 3000.0 2000.0 500.0 3
4 5000.0 4000.0 2000.0 4
5 5000.0 4000.0 2000.0 5
6 5000.0 4000.0 2000.0 6
7 5000.0 4000.0 2000.0 7
8 5000.0 4000.0 2000.0 8
9 5000.0 4000.0 2000.0 9
10 5000.0 4000.0 2000.0 10
11 5000.0 4000.0 2000.0 11
12 5000.0 4000.0 2000.0 12
13 5000.0 4000.0 2000.0 13
14 5000.0 4000.0 2000.0 14
15 5000.0 4000.0 2000.0 15
16 5000.0 4000.0 2000.0 16
17 5000.0 4000.0 2000.0 17
18 5000.0 4000.0 2000.0 18
19 5000.0 4000.0 2000.0 19
20 5000.0 4000.0 2000.0 20
21 5000.0 4000.0 2000.0 21
22 5000.0 4000.0 2000.0 22
23 5000.0 4000.0 2000.0 23
24 5000.0 4000.0 2000.0 24
25 5000.0 4000.0 2000.0 25
26 5000.0 4000.0 2000.0 26
27 5000.0 4000.0 2000.0 27
28 5000.0 4000.0 2000.0 28
29 5000.0 4000.0 2000.0 29
30 5000.0 4000.0 2000.0 30
31 5000.0 4000.0 2000.0 31
32 5000.0 4000.0 2000.0 32
33 5000.0 4000.0 2000.0 33
34 5000.0 4000.0 2000.0 34
35 5000.0 4000.0 2000.0 35
36 5000.0 4000.0 2000.0 36
37 5000.0 4000.0 2000.0 37
38 5000.0 4000.0 2000.0 38
39 5000.0 4000.0 2000.0 39
40 5000.0 4000.0 2000.0 40
41 5000.0 4000.0 2000.0 41
42 5000.0 4000.0 2000.0 42
43 5000.0 4000.0 2000.0 43
44 5000.0 4000.0 2000.0 44
45 5000.0 4000.0 2000.0 45
46 5000.0 4000.0 2000.0 46
47 5000.0 4000.0 2000.0 47
null
1 4000.0 3000.0 1000.0 1
2 7000.0 6000.0 15000.0 2
3 3000.0 2000.0 500.0 3
4 5000.0 4000.0 2000.0 4
5 5000.0 4000.0 2000.0 5
6 5000.0 4000.0 2000.0 6
7 5000.0 4000.0 2000.0 7
8 5000.0 4000.0 2000.0 8
9 5000.0 4000.0 2000.0 9
10 5000.0 4000.0 2000.0 10
11 5000.0 4000.0 2000.0 11
12 5000.0 4000.0 2000.0 12
13 5000.0 4000.0 2000.0 13
14 5000.0 4000.0 2000.0 14
15 5000.0 4000.0 2000.0 15
16 5000.0 4000.0 2000.0 16
17 5000.0 4000.0 2000.0 17
18 5000.0 4000.0 2000.0 18
19 5000.0 4000.0 2000.0 19
20 5000.0 4000.0 2000.0 20
21 5000.0 4000.0 2000.0 21
22 5000.0 4000.0 2000.0 22
23 5000.0 4000.0 2000.0 23
24 5000.0 4000.0 2000.0 24
25 5000.0 4000.0 2000.0 25
26 5000.0 4000.0 2000.0 26
27 5000.0 4000.0 2000.0 27
28 5000.0 4000.0 2000.0 28
29 5000.0 4000.0 2000.0 29
30 5000.0 4000.0 2000.0 30
31 5000.0 4000.0 2000.0 31
32 5000.0 4000.0 2000.0 32
33 5000.0 4000.0 2000.0 33
34 5000.0 4000.0 2000.0 34
35 5000.0 4000.0 2000.0 35
36 5000.0 4000.0 2000.0 36
37 5000.0 4000.0 2000.0 37
38 5000.0 4000.0 2000.0 38
39 5000.0 4000.0 2000.0 39
40 5000.0 4000.0 2000.0 40
41 5000.0 4000.0 2000.0 41
42 5000.0 4000.0 2000.0 42
43 5000.0 4000.0 2000.0 43
44 5000.0 4000.0 2000.0 44
45 5000.0 4000.0 2000.0 45
46 5000.0 4000.0 2000.0 46
47 5000.0 4000.0 2000.0 47
1 4000.0 3000.0 1000.0 1
2 7000.0 6000.0 15000.0 2
3 3000.0 2000.0 500.0 3
4 5000.0 4000.0 2000.0 4
5 5000.0 4000.0 2000.0 5
6 5000.0 4000.0 2000.0 6
7 5000.0 4000.0 2000.0 7
8 5000.0 4000.0 2000.0 8
9 5000.0 4000.0 2000.0 9
10 5000.0 4000.0 2000.0 10
11 5000.0 4000.0 2000.0 11
12 5000.0 4000.0 2000.0 12
13 5000.0 4000.0 2000.0 13
14 5000.0 4000.0 2000.0 14
15 5000.0 4000.0 2000.0 15
16 5000.0 4000.0 2000.0 16
17 5000.0 4000.0 2000.0 17
18 5000.0 4000.0 2000.0 18
19 5000.0 4000.0 2000.0 19
20 5000.0 4000.0 2000.0 20
21 5000.0 4000.0 2000.0 21
22 5000.0 4000.0 2000.0 22
23 5000.0 4000.0 2000.0 23
24 5000.0 4000.0 2000.0 24
25 5000.0 4000.0 2000.0 25
26 5000.0 4000.0 2000.0 26
27 5000.0 4000.0 2000.0 27
28 5000.0 4000.0 2000.0 28
29 5000.0 4000.0 2000.0 29
30 5000.0 4000.0 2000.0 30
31 5000.0 4000.0 2000.0 31
32 5000.0 4000.0 2000.0 32
33 5000.0 4000.0 2000.0 33
34 5000.0 4000.0 2000.0 34
35 5000.0 4000.0 2000.0 35
36 5000.0 4000.0 2000.0 36
37 5000.0 4000.0 2000.0 37
38 5000.0 4000.0 2000.0 38
39 5000.0 4000.0 2000.0 39
40 5000.0 4000.0 2000.0 40
41 5000.0 4000.0 2000.0 41
42 5000.0 4000.0 2000.0 42
43 5000.0 4000.0 2000.0 43
44 5000.0 4000.0 2000.0 44
45 5000.0 4000.0 2000.0 45
46 5000.0 4000.0 2000.0 46
47 5000.0 4000.0 2000.0 47
1 5000.0 3000.0 1000.0 1
2 8000.0 6000.0 15000.0 2
3 3000.0 2000.0 500.0 3
4 5000.0 4000.0 2000.0 4
5 5000.0 4000.0 2000.0 5
6 5000.0 4000.0 2000.0 6
7 5000.0 4000.0 2000.0 7
8 5000.0 4000.0 2000.0 8
9 5000.0 4000.0 2000.0 9
10 5000.0 4000.0 2000.0 10
11 5000.0 4000.0 2000.0 11
12 5000.0 4000.0 2000.0 12
13 5000.0 4000.0 2000.0 13
14 5000.0 4000.0 2000.0 14
15 5000.0 4000.0 2000.0 15
16 5000.0 4000.0 2000.0 16
17 5000.0 4000.0 2000.0 17
18 5000.0 4000.0 2000.0 18
19 5000.0 4000.0 2000.0 19
20 5000.0 4000.0 2000.0 20
21 5000.0 4000.0 2000.0 21
22 5000.0 4000.0 2000.0 22
23 5000.0 4000.0 2000.0 23
24 5000.0 4000.0 2000.0 24
25 5000.0 4000.0 2000.0 25
26 5000.0 4000.0 2000.0 26
27 5000.0 4000.0 2000.0 27
28 5000.0 4000.0 2000.0 28
29 5000.0 4000.0 2000.0 29
30 5000.0 4000.0 2000.0 30
31 5000.0 4000.0 2000.0 31
32 5000.0 4000.0 2000.0 32
33 5000.0 4000.0 2000.0 33
34 5000.0 4000.0 2000.0 34
35 5000.0 4000.0 2000.0 35
36 5000.0 4000.0 2000.0 36
37 5000.0 4000.0 2000.0 37
38 5000.0 4000.0 2000.0 38
39 5000.0 4000.0 2000.0 39
40 5000.0 4000.0 2000.0 40
41 5000.0 4000.0 2000.0 41
42 5000.0 4000.0 2000.0 42
43 5000.0 4000.0 2000.0 43
44 5000.0 4000.0 2000.0 44
45 5000.0 4000.0 2000.0 45
46 5000.0 4000.0 2000.0 46
47 5000.0 4000.0 2000.0 47
null
1 5000.0 3000.0 1000.0 1
2 7000.0 6000.0 15000.0 2
3 4000.0 2000.0 500.0 3
4 5000.0 4000.0 2000.0 4
5 5000.0 4000.0 2000.0 5
6 5000.0 4000.0 2000.0 6
7 5000.0 4000.0 2000.0 7
8 5000.0 4000.0 2000.0 8
9 5000.0 4000.0 2000.0 9
10 5000.0 4000.0 2000.0 10
11 5000.0 4000.0 2000.0 11
12 5000.0 4000.0 2000.0 12
13 5000.0 4000.0 2000.0 13
14 5000.0 4000.0 2000.0 14
15 5000.0 4000.0 2000.0 15
16 5000.0 4000.0 2000.0 16
17 5000.0 4000.0 2000.0 17
18 5000.0 4000.0 2000.0 18
19 5000.0 4000.0 2000.0 19
20 5000.0 4000.0 2000.0 20
21 5000.0 4000.0 2000.0 21
22 5000.0 4000.0 2000.0 22
23 5000.0 4000.0 2000.0 23
24 5000.0 4000.0 2000.0 24
25 5000.0 4000.0 2000.0 25
26 5000.0 4000.0 2000.0 26
27 5000.0 4000.0 2000.0 27
28 5000.0 4000.0 2000.0 28
29 5000.0 4000.0 2000.0 29
30 5000.0 4000.0 2000.0 30
31 5000.0 4000.0 2000.0 31
32 5000.0 4000.0 2000.0 32
33 5000.0 4000.0 2000.0 33
34 5000.0 4000.0 2000.0 34
35 5000.0 4000.0 2000.0 35
36 5000.0 4000.0 2000.0 36
37 5000.0 4000.0 2000.0 37
38 5000.0 4000.0 2000.0 38
39 5000.0 4000.0 2000.0 39
40 5000.0 4000.0 2000.0 40
41 5000.0 4000.0 2000.0 41
42 5000.0 4000.0 2000.0 42
43 5000.0 4000.0 2000.0 43
44 5000.0 4000.0 2000.0 44
45 5000.0 4000.0 2000.0 45
46 5000.0 4000.0 2000.0 46
47 5000.0 4000.0 2000.0 47
1 4000.0 3000.0 1000.0 1
2 7000.0 6000.0 15000.0 2
3 3000.0 2000.0 500.0 3
4 5000.0 4000.0 2000.0 4
5 5000.0 4000.0 2000.0 5
6 5000.0 4000.0 2000.0 6
7 5000.0 4000.0 2000.0 7
8 5000.0 4000.0 2000.0 8
9 5000.0 4000.0 2000.0 9
10 5000.0 4000.0 2000.0 10
11 5000.0 4000.0 2000.0 11
12 5000.0 4000.0 2000.0 12
13 5000.0 4000.0 2000.0 13
14 5000.0 4000.0 2000.0 14
15 5000.0 4000.0 2000.0 15
16 5000.0 4000.0 2000.0 16
17 5000.0 4000.0 2000.0 17
18 5000.0 4000.0 2000.0 18
19 5000.0 4000.0 2000.0 19
20 5000.0 4000.0 2000.0 20
21 5000.0 4000.0 2000.0 21
22 5000.0 4000.0 2000.0 22
23 5000.0 4000.0 2000.0 23
24 5000.0 4000.0 2000.0 24
25 5000.0 4000.0 2000.0 25
26 5000.0 4000.0 2000.0 26
27 5000.0 4000.0 2000.0 27
28 5000.0 4000.0 2000.0 28
29 5000.0 4000.0 2000.0 29
30 5000.0 4000.0 2000.0 30
31 5000.0 4000.0 2000.0 31
32 5000.0 4000.0 2000.0 32
33 5000.0 4000.0 2000.0 33
34 5000.0 4000.0 2000.0 34
35 5000.0 4000.0 2000.0 35
36 5000.0 4000.0 2000.0 36
37 5000.0 4000.0 2000.0 37
38 5000.0 4000.0 2000.0 38
39 5000.0 4000.0 2000.0 39
40 5000.0 4000.0 2000.0 40
41 5000.0 4000.0 2000.0 41
42 5000.0 4000.0 2000.0 42
43 5000.0 4000.0 2000.0 43
44 5000.0 4000.0 2000.0 44
45 5000.0 4000.0 2000.0 45
46 5000.0 4000.0 2000.0 46
47 5000.0 4000.0 2000.0 47
1 5000.0 3000.0 1000.0 1
2 7000.0 6000.0 15000.0 2
3 4000.0 2000.0 500.0 3
4 5000.0 4000.0 2000.0 4
5 5000.0 4000.0 2000.0 5
6 5000.0 4000.0 2000.0 6
7 5000.0 4000.0 2000.0 7
8 5000.0 4000.0 2000.0 8
9 5000.0 4000.0 2000.0 9
10 5000.0 4000.0 2000.0 10
11 5000.0 4000.0 2000.0 11
12 5000.0 4000.0 2000.0 12
13 5000.0 4000.0 2000.0 13
14 5000.0 4000.0 2000.0 14
15 5000.0 4000.0 2000.0 15
16 5000.0 4000.0 2000.0 16
17 5000.0 4000.0 2000.0 17
18 5000.0 4000.0 2000.0 18
19 5000.0 4000.0 2000.0 19
20 5000.0 4000.0 2000.0 20
21 5000.0 4000.0 2000.0 21
22 5000.0 4000.0 2000.0 22
23 5000.0 4000.0 2000.0 23
24 5000.0 4000.0 2000.0 24
25 5000.0 4000.0 2000.0 25
26 5000.0 4000.0 2000.0 26
27 5000.0 4000.0 2000.0 27
28 5000.0 4000.0 2000.0 28
29 5000.0 4000.0 2000.0 29
30 5000.0 4000.0 2000.0 30
31 5000.0 4000.0 2000.0 31
32 5000.0 4000.0 2000.0 32
33 5000.0 4000.0 2000.0 33
34 5000.0 4000.0 2000.0 34
35 5000.0 4000.0 2000.0 35
36 5000.0 4000.0 2000.0 36
37 5000.0 4000.0 2000.0 37
38 5000.0 4000.0 2000.0 38
39 5000.0 4000.0 2000.0 39
40 5000.0 4000.0 2000.0 40
41 5000.0 4000.0 2000.0 41
42 5000.0 4000.0 2000.0 42
43 5000.0 4000.0 2000.0 43
44 5000.0 4000.0 2000.0 44
45 5000.0 4000.0 2000.0 45
46 5000.0 4000.0 2000.0 46
47 5000.0 4000.0 2000.0 47
48 5000.0 4000.0 2000.0 50 
1 4000.0 3000.0 1000.0 1
2 7000.0 6000.0 15000.0 2
3 3000.0 2000.0 500.0 3
4 5000.0 4000.0 2000.0 4
5 5000.0 4000.0 2000.0 5
6 5000.0 4000.0 2000.0 6
7 5000.0 4000.0 2000.0 7
8 5000.0 4000.0 2000.0 8
9 5000.0 4000.0 2000.0 9
10 5000.0 4000.0 2000.0 10
11 5000.0 4000.0 2000.0 11
12 5000.0 4000.0 2000.0 12
13 5000.0 4000.0 2000.0 13
14 5000.0 4000.0 2000.0 14
15 5000.0 4000.0 2000.0 15
16 5000.0 4000.0 2000.0 16
17 5000.0 4000.0 2000.0 17
18 5000.0 4000.0 2000.0 18
19 5000.0 4000.0 2000.0 19
20 5000.0 4000.0 2000.0 20
21 5000.0 4000.0 2000.0 21
22 5000.0 4000.0 2000.0 22
23 5000.0 4000.0 2000.0 23
24 5000.0 4000.0 2000.0 24
25 5000.0 4000.0 2000.0 25
26 5000.0 4000.0 2000.0 26
27 5000.0 4000.0 2000.0 27
28 5000.0 4000.0 2000.0 28
29 5000.0 4000.0 2000.0 29
30 5000.0 4000.0 2000.0 30
31 5000.0 4000.0 2000.0 31
32 5000.0 4000.0 2000.0 32
33 5000.0 4000.0 2000.0 33
34 5000.0 4000.0 2000.0 34
35 5000.0 4000.0 2000.0 35
36 5000.0 4000.0 2000.0 36
37 5000.0 4000.0 2000.0 37
38 5000.0 4000.0 2000.0 38
39 5000.0 4000.0 2000.0 39
40 5000.0 4000.0 2000.0 40
41 5000.0 4000.0 2000.0 41
42 5000.0 4000.0 2000.0 42
43 5000.0 4000.0 2000.0 43
44 5000.0 4000.0 2000.0 44
45 5000.0 4000.0 2000.0 45
46 5000.0 4000.0 2000.0 46
47 5000.0 4000.0 2000.0 47
1 5000.0 3000.0 1000.0 1
2 8000.0 6000.0 15000.0 2
3 3000.0 2000.0 500.0 3
4 5000.0 4000.0 2000.0 4
5 5000.0 4000.0 2000.0 5
6 5000.0 4000.0 2000.0 6
7 5000.0 4000.0 2000.0 7
8 5000.0 4000.0 2000.0 8
9 5000.0 4000.0 2000.0 9
10 5000.0 4000.0 2000.0 10
11 5000.0 4000.0 2000.0 11
12 5000.0 4000.0 2000.0 12
13 5000.0 4000.0 2000.0 13
14 5000.0 4000.0 2000.0 14
15 5000.0 4000.0 2000.0 15
16 5000.0 4000.0 2000.0 16
17 5000.0 4000.0 2000.0 17
18 5000.0 4000.0 2000.0 18
19 5000.0 4000.0 2000.0 19
20 5000.0 4000.0 2000.0 20
21 5000.0 4000.0 2000.0 21
22 5000.0 4000.0 2000.0 22
23 5000.0 4000.0 2000.0 23
24 5000.0 4000.0 2000.0 24
25 5000.0 4000.0 2000.0 25
26 5000.0 4000.0 2000.0 26
27 5000.0 4000.0 2000.0 27
28 5000.0 4000.0 2000.0 28
29 5000.0 4000.0 2000.0 29
30 5000.0 4000.0 2000.0 30
31 5000.0 4000.0 2000.0 31
32 5000.0 4000.0 2000.0 32
33 5000.0 4000.0 2000.0 33
34 5000.0 4000.0 2000.0 34
35 5000.0 4000.0 2000.0 35
36 5000.0 4000.0 2000.0 36
37 5000.0 4000.0 2000.0 37
38 5000.0 4000.0 2000.0 38
39 5000.0 4000.0 2000.0 39
40 5000.0 4000.0 2000.0 40
41 5000.0 4000.0 2000.0 41
42 5000.0 4000.0 2000.0 42
43 5000.0 4000.0 2000.0 43
44 5000.0 4000.0 2000.0 44
45 5000.0 4000.0 2000.0 45
46 5000.0 4000.0 2000.0 46
47 5000.0 4000.0 2000.0 47
